5002,1644,1644,1,M,13079,4,1,-,-
5002,1644,1644,1,M,22207,2,1,-,-
5002,1644,1644,1,M,312310,21,1,-,-
5002,1644,1644,1,M,312312,63,2,-,-
5002,1644,1644,1,M,312315,9,1,6,-
5002,1644,1644,1,A,22525,5,1,-,-
5002,1644,1644,1,A,22535,5,1,-,-
5002,1644,1644,1,A,22562,8,1,3,9
5002,1644,1644,2,M,22633,8,1,-,-
5002,1644,1644,2,M,22647,6,1,-,-
5002,1644,1644,2,M,22658,1,1,-,-
5002,1644,1644,2,M,22661,11,1,4,-
5002,1644,1644,2,A,22304,7,1,-,-
5002,1644,1644,2,A,22327,7,1,-,-
5002,1644,1644,2,A,22342,8,1,-,-
5002,1644,1644,2,A,313309,98,3,-,-
5002,1644,1644,2,A,313333,80,2,8,12
5002,1644,1644,3,M,22401,27,1,-,-
5002,1644,1644,3,M,22412,1,1,-,-
5002,1644,1644,3,M,22418,8,1,-,-
5002,1644,1644,3,M,22445,21,1,-,-
5002,1644,1644,3,M,313313,5,1,-,-
5002,1644,1644,3,M,314313,7,1,-,-
5002,1644,1644,3,M,314317,8,1,-,-
5002,1644,1644,3,M,314323,10,1,-,-
5002,1644,1644,3,M,314326,3,1,9,9
5002,1644,1644,4,M,13077,8,1,-,-
5002,1644,1644,4,M,22203,24,1,-,-
5002,1644,1644,4,M,312301,91,3,5,-
5002,1644,1644,4,A,22502,10,1,-,-
5002,1644,1644,4,A,22524,7,1,-,-
5002,1644,1644,4,A,22533,5,1,-,-
5002,1644,1644,4,A,22563,11,1,-,-
5002,1644,1644,4,A,315314,25,1,-,-
5002,1644,1644,4,A,315323,64,2,-,-
5002,1644,1644,4,A,315334,41,1,-,-
5002,1644,1644,4,A,315338,54,2,-,-
5002,1644,1644,4,A,315372,55,2,12,17
5002,1644,1644,5,M,22601,10,1,-,-
5002,1644,1644,5,M,22626,11,1,-,-
5002,1644,1644,5,M,22634,6,1,-,-
5002,1644,1644,5,M,22657,21,1,4,-
5002,1644,1644,5,A,22303,18,1,-,-
5002,1644,1644,5,A,22306,20,1,-,-
5002,1644,1644,5,A,22320,2,1,-,-
5002,1644,1644,5,A,22324,6,1,-,-
5002,1644,1644,5,A,313302,156,4,-,-
5002,1644,1644,5,A,313311,90,2,-,-
5002,1644,1644,5,A,313321,57,2,-,-
5002,1644,1644,5,A,313325,79,2,14,18
5002,1644,1644,6,M,22402,23,1,-,-
5002,1644,1644,6,M,22420,11,1,-,-
5002,1644,1644,6,M,22446,12,1,-,-
5002,1644,1644,6,M,314303,4,1,-,-
5002,1644,1644,6,M,314318,9,1,-,-
5002,1644,1644,6,M,314322,4,1,-,-
5002,1644,1644,6,M,314363,13,1,7,-
5002,1644,1644,6,A,13025,1,1,1,8
5002,1644,1644,7,M,13078,5,1,-,-
5002,1644,1644,7,M,22201,13,1,-,-
5002,1644,1644,7,M,22206,18,1,-,-
5002,1644,1644,7,M,22210,5,1,-,-
5002,1644,1644,7,M,312303,8,1,-,-
5002,1644,1644,7,M,312309,30,1,-,-
5002,1644,1644,7,M,312311,39,1,-,-
5002,1644,1644,7,M,312314,13,1,-,-
5002,1644,1644,7,M,312338,29,1,9,-
5002,1644,1644,7,A,22503,9,1,-,-
5002,1644,1644,7,A,22532,6,1,-,-
5002,1644,1644,7,A,22564,15,1,-,-
5002,1644,1644,7,A,315318,25,1,-,-
5002,1644,1644,7,A,315326,64,2,-,-
5002,1644,1644,7,A,315337,41,1,-,-
5002,1644,1644,7,A,315342,54,2,-,-
5002,1644,1644,7,A,315374,55,2,11,20
5002,1644,1644,8,M,22602,14,1,-,-
5002,1644,1644,8,M,22616,2,1,-,-
5002,1644,1644,8,M,22627,9,1,-,-
5002,1644,1644,8,M,22655,25,1,4,-
5002,1644,1644,8,A,22301,4,1,-,-
5002,1644,1644,8,A,22310,18,1,-,-
5002,1644,1644,8,A,22328,4,1,-,-
5002,1644,1644,8,A,22330,2,1,-,-
5002,1644,1644,8,A,313303,237,5,-,-
5002,1644,1644,8,A,313310,94,3,-,-
5002,1644,1644,8,A,313322,60,2,-,-
5002,1644,1644,8,A,313334,81,2,16,20
5002,1644,1644,9,M,22404,10,1,-,-
5002,1644,1644,9,M,22419,10,1,-,-
5002,1644,1644,9,M,22425,1,1,-,-
5002,1644,1644,9,M,314312,3,1,-,-
5002,1644,1644,9,M,314321,9,1,-,-
5002,1644,1644,9,M,314324,15,1,-,-
5002,1644,1644,9,M,314327,17,1,7,-
5002,1644,1644,9,A,311303,482,10,10,17
5002,1644,1644,10,M,13081,3,1,1,-
5002,1644,1644,10,A,22501,10,1,-,-
5002,1644,1644,10,A,22523,6,1,-,-
5002,1644,1644,10,A,22531,6,1,-,-
5002,1644,1644,10,A,315313,25,1,-,-
5002,1644,1644,10,A,315319,64,2,-,-
5002,1644,1644,10,A,315333,41,1,-,-
5002,1644,1644,10,A,315339,54,2,-,-
5002,1644,1644,10,A,315371,55,2,11,12
5002,1644,1644,11,M,22605,8,1,-,-
5002,1644,1644,11,M,22607,3,1,2,-
5002,1644,1644,11,A,22302,11,1,-,-
5002,1644,1644,11,A,313304,155,4,-,-
5002,1644,1644,11,A,313323,61,2,-,-
5002,1644,1644,11,A,313326,78,2,-,-
5002,1644,1644,11,A,313335,78,2,11,13
5002,1644,1644,12,M,22403,11,1,-,-
5002,1644,1644,12,M,22415,1,1,-,-
5002,1644,1644,12,M,22421,15,1,-,-
5002,1644,1644,12,M,22428,1,1,-,-
5002,1644,1644,12,M,22443,18,1,-,-
5002,1644,1644,12,M,314314,3,1,-,-
5002,1644,1644,12,M,314325,8,1,-,-
5002,1644,1644,12,M,314328,17,1,-,-
5002,1644,1644,12,M,314340,2,1,9,-
5002,1644,1644,12,A,13023,2,1,-,-
5002,1644,1644,12,A,22103,8,1,-,-
5002,1644,1644,12,A,311302,512,11,13,22
5002,1644,1644,13,M,13080,3,1,-,-
5002,1644,1644,13,M,22205,6,1,-,-
5002,1644,1644,13,M,22212,2,1,-,-
5002,1644,1644,13,M,312313,57,2,-,-
5002,1644,1644,13,M,312339,46,2,7,-
5002,1644,1644,13,A,22505,8,1,-,-
5002,1644,1644,13,A,22530,4,1,-,-
5002,1644,1644,13,A,22566,6,1,3,10
5002,1644,1644,14,M,22625,9,1,-,-
5002,1644,1644,14,M,22656,14,1,2,-
5002,1644,1644,14,A,22305,13,1,-,-
5002,1644,1644,14,A,22325,7,1,-,-
5002,1644,1644,14,A,22337,12,1,-,-
5002,1644,1644,14,A,313301,150,4,-,-
5002,1644,1644,14,A,313308,158,4,-,-
5002,1644,1644,14,A,313324,80,2,-,-
5002,1644,1644,14,A,313332,77,2,15,17
5002,1644,1644,15,M,22405,4,1,-,-
5002,1644,1644,15,M,22438,7,1,-,-
5002,1644,1644,15,M,314315,1,1,3,-
5002,1644,1644,15,A,13024,2,1,1,4
5002,1644,1644,16,A,22504,9,1,1,1
5002,1644,1644,17,A,22326,9,1,-,-
5002,1644,1644,17,A,313316,3,1,2,2
5002,1644,1644,18,M,22426,6,1,1,-
5002,1644,1644,18,A,22341,6,1,1,2
Total No. of Packets : 213 only,,,,,,,,,
ÿÿÿÿÿÿ This is to certify that I have personally verifed question paper numbers and number of packets required for my center and verifed it from record of number of candidates appearing for various subjects. There is no discrepancy in the above record,,,,,,,,,
Signature with Date :,,,,,,,,,
Name of the Officer - I/C :,,,,,,,,,
